0 1
0 2
0 3
0 4
0 5
0 6
0 7
0 8
0 9
0 10
0 11
0 12
0 13
0 14
0 15
0 16
0 17
0 18
0 19
0 20
0 21
0 22
0 23
0 24
0 25
0 26
0 27
0 28
0 29
0 30
0 31
0 32
0 33
0 34
0 35
0 36
0 37
0 38
0 39
0 40
0 41
0 42
0 43
0 44
0 45
1 23
1 37
1 46
1 47
1 48
1 49
1 50
1 51
1 52
1 53
1 54
1 55
1 56
1 57
1 58
1 59
1 60
2 61
2 62
2 63
2 64
2 65
2 66
2 67
2 68
2 69
2 70
2 71
2 72
2 73
2 74
2 75
2 76
2 77
2 78
2 79
3 80
3 81
3 82
3 83
3 84
3 85
4 57
4 82
4 86
4 87
4 88
4 89
4 90
4 91
4 92
4 93
4 94
4 95
4 96
4 97
4 98
4 99
4 100
4 101
4 102
4 103
4 104
4 105
4 106
4 107
4 108
4 109
4 110
4 111
4 112
4 113
4 114
4 115
4 116
4 117
4 118
4 119
4 120
4 121
4 122
4 123
4 124
5 9
5 125
5 126
5 127
5 128
6 2
6 15
6 19
6 22
6 38
6 129
6 130
6 131
6 132
6 133
6 134
6 135
6 136
6 137
6 138
6 139
6 140
6 141
7 6
7 15
7 25
7 29
7 35
7 142
7 143
7 144
7 145
7 146
7 147
7 148
7 149
7 150
7 151
8 2
8 15
8 18
8 20
8 29
8 35
8 36
8 38
8 42
8 45
8 127
8 132
8 145
8 152
8 153
8 154
8 155
8 156
8 157
8 158
8 159
8 160
8 161
8 162
8 163
8 164
8 165
8 166
8 167
8 168
8 169
8 170
9 5
9 127
9 171
10 134
10 172
10 173
10 174
12 44
12 52
12 143
12 175
12 176
12 177
12 178
12 179
12 180
13 181
13 182
13 183
13 184
13 185
13 186
14 16
14 37
14 132
14 180
14 187
14 188
14 189
14 190
14 191
14 192
14 193
14 194
14 195
16 3
16 40
16 42
16 196
16 197
16 198
16 199
16 200
16 201
16 202
16 203
16 204
16 205
17 179
17 201
17 202
17 206
17 207
17 208
17 209
17 210
17 211
17 212
17 213
17 214
17 215
17 216
17 217
17 218
18 15
18 16
18 46
18 57
18 58
18 178
18 179
18 219
18 220
18 221
18 222
18 223
18 224
18 225
18 226
18 227
18 228
18 229
18 230
18 231
18 232
18 233
18 234
18 235
18 236
18 237
18 238
18 239
18 240
18 241
18 242
18 243
18 244
18 245
18 246
18 247
18 248
18 249
18 250
18 251
18 252
19 250
19 253
19 254
19 255
19 256
19 257
19 258
19 259
19 260
19 261
20 34
20 42
20 63
20 262
20 263
20 264
20 265
20 266
20 267
20 268
20 269
20 270
20 271
20 272
20 273
20 274
20 275
20 276
20 277
20 278
20 279
20 280
20 281
20 282
20 283
20 284
20 285
20 286
20 287
20 288
20 289
20 290
20 291
20 292
20 293
20 294
21 132
21 295
21 296
22 297
23 1
23 298
23 299
23 300
23 301
23 302
23 303
23 304
23 305
23 306
25 7
25 29
25 35
25 307
25 308
26 309
26 310
26 311
26 312
26 313
26 314
26 315
26 316
26 317
26 318
27 138
27 319
27 320
27 321
27 322
28 18
28 33
28 129
28 138
28 143
28 172
28 249
28 323
28 324
28 325
28 326
28 327
28 328
28 329
28 330
28 331
28 332
28 333
28 334
28 335
28 336
28 337
28 338
28 339
28 340
28 341
28 342
28 343
28 344
28 345
28 346
28 347
28 348
28 349
29 15
29 34
29 35
29 42
29 148
29 153
29 245
29 307
29 350
29 351
29 352
29 353
29 354
29 355
29 356
29 357
29 358
29 359
29 360
29 361
29 362
29 363
29 364
29 365
29 366
29 367
29 368
29 369
29 370
29 371
29 372
29 373
29 374
30 31
30 375
30 376
30 377
30 378
30 379
30 380
30 381
30 382
30 383
30 384
32 16
32 385
32 386
32 387
32 388
32 389
32 390
32 391
34 35
34 37
34 145
34 392
34 393
34 394
34 395
34 396
34 397
34 398
34 399
34 400
34 401
34 402
34 403
34 404
34 405
34 406
35 20
35 25
35 29
35 145
35 354
35 397
35 400
35 401
35 407
35 408
35 409
35 410
35 411
35 412
35 413
35 414
36 42
36 132
36 250
36 415
36 416
36 417
36 418
36 419
36 420
36 421
36 422
36 423
36 424
36 425
37 188
37 189
37 225
37 249
37 381
37 426
37 427
37 428
38 10
38 117
38 134
38 174
38 429
38 430
38 431
38 432
39 433
40 139
40 434
40 435
40 436
40 437
40 438
40 439
40 440
40 441
40 442
40 443
41 444
41 445
41 446
41 447
41 448
41 449
41 450
41 451
41 452
41 453
42 2
42 143
42 175
42 214
42 454
42 455
42 456
43 42
43 143
43 457
43 458
43 459
45 237
45 460
45 461
45 462
45 463
45 464
46 188
46 465
46 466
46 467
46 468
47 48
47 469
47 470
47 471
47 472
47 473
48 474
48 475
48 476
48 477
48 478
48 479
49 480
49 481
49 482
49 483
49 484
49 485
49 486
49 487
50 6
50 15
50 488
50 489
50 490
50 491
50 492
50 493
50 494
50 495
51 57
51 332
51 496
51 497
51 498
51 499
51 500
51 501
51 502
51 503
51 504
51 505
51 506
51 507
52 178
52 508
52 509
52 510
52 511
52 512
52 513
52 514
52 515
52 516
52 517
53 158
53 513
53 518
53 519
53 520
53 521
53 522
54 176
54 523
54 524
54 525
54 526
54 527
54 528
54 529
54 530
54 531
54 532
54 533
54 534
54 535
54 536
54 537
54 538
54 539
54 540
54 541
54 542
54 543
54 544
54 545
54 546
54 547
54 548
54 549
54 550
54 551
54 552
54 553
54 554
54 555
54 556
54 557
55 558
55 559
55 560
55 561
55 562
55 563
55 564
55 565
55 566
56 42
56 129
56 143
56 192
56 546
56 567
56 568
56 569
56 570
56 571
56 572
57 54
57 511
57 512
57 514
57 517
57 553
57 554
57 555
57 556
57 557
57 573
57 574
57 575
57 576
57 577
57 578
57 579
57 580
57 581
57 582
57 583
57 584
57 585
57 586
57 587
57 588
57 589
58 18
58 311
58 312
58 590
58 591
58 592
58 593
58 594
58 595
58 596
58 597
58 598
58 599
59 600
59 601
59 602
59 603
60 604
60 605
60 606
60 607
60 608
60 609
62 75
62 610
63 611
63 612
63 613
63 614
63 615
63 616
63 617
64 618
64 619
65 620
65 621
65 622
66 608
66 623
66 624
66 625
66 626
67 456
67 627
67 628
67 629
67 630
68 631
68 632
68 633
68 634
68 635
70 202
70 636
70 637
70 638
70 639
70 640
71 641
71 642
71 643
71 644
71 645
71 646
71 647
71 648
71 649
71 650
71 651
71 652
71 653
71 654
71 655
71 656
71 657
71 658
71 659
71 660
72 661
72 662
73 74
73 663
74 73
74 206
77 664
80 665
80 666
82 96
82 130
83 667
84 96
84 116
84 668
84 669
84 670
84 671
84 672
84 673
85 3
85 123
85 674
85 675
85 676
85 677
85 678
85 679
85 680
85 681
85 682
85 683
85 684
85 685
85 686
85 687
85 688
85 689
85 690
85 691
85 692
86 693
86 694
86 695
86 696
86 697
86 698
87 699
87 700
87 701
88 87
88 92
88 93
88 94
88 95
88 103
88 104
88 123
88 130
88 702
88 703
88 704
88 705
89 130
89 665
89 697
89 706
89 707
89 708
89 709
89 710
89 711
89 712
89 713
89 714
89 715
89 716
90 717
90 718
90 719
90 720
90 721
90 722
91 103
91 723
91 724
91 725
92 726
92 727
92 728
92 729
92 730
92 731
92 732
92 733
92 734
92 735
92 736
92 737
92 738
92 739
92 740
92 741
92 742
92 743
93 88
93 94
93 103
93 696
93 712
93 744
93 745
93 746
93 747
93 748
93 749
93 750
93 751
93 752
94 88
94 92
94 117
94 121
94 223
94 325
94 720
94 729
94 753
94 754
94 755
94 756
94 757
94 758
94 759
94 760
94 761
94 762
94 763
94 764
94 765
94 766
94 767
94 768
94 769
94 770
94 771
94 772
95 703
95 773
95 774
95 775
95 776
95 777
95 778
95 779
95 780
96 57
96 428
96 781
96 782
96 783
96 784
96 785
96 786
96 787
96 788
96 789
96 790
96 791
96 792
96 793
96 794
96 795
96 796
96 797
96 798
96 799
96 800
96 801
96 802
96 803
97 804
97 805
97 806
99 119
99 183
99 334
99 807
99 808
99 809
99 810
99 811
99 812
99 813
99 814
99 815
99 816
99 817
99 818
99 819
99 820
99 821
99 822
99 823
99 824
99 825
99 826
99 827
99 828
99 829
101 830
101 831
101 832
101 833
102 834
102 835
102 836
102 837
102 838
102 839
103 88
103 91
103 92
103 93
103 104
103 105
103 130
103 379
103 760
103 840
103 841
103 842
103 843
103 844
103 845
103 846
103 847
103 848
103 849
103 850
103 851
103 852
103 853
103 854
103 855
103 856
103 857
103 858
103 859
103 860
103 861
103 862
104 93
104 121
104 130
104 188
104 846
104 856
104 858
104 863
104 864
104 865
104 866
104 867
105 94
105 103
105 121
105 130
105 381
105 702
105 771
105 840
105 846
105 849
105 851
105 868
105 869
105 870
105 871
105 872
105 873
105 874
105 875
105 876
105 877
106 582
106 703
106 878
106 879
106 880
106 881
106 882
106 883
106 884
106 885
106 886
106 887
106 888
107 692
107 889
107 890
107 891
108 118
108 876
108 892
108 893
108 894
108 895
108 896
108 897
108 898
108 899
108 900
108 901
109 88
109 94
109 103
109 696
109 712
109 744
109 745
109 746
109 747
109 748
109 749
109 750
109 751
109 752
110 417
110 902
110 903
110 904
110 905
110 906
110 907
110 908
110 909
110 910
112 249
112 325
112 681
112 869
112 911
112 912
112 913
112 914
112 915
112 916
112 917
112 918
112 919
112 920
112 921
112 922
112 923
112 924
113 748
113 925
113 926
113 927
113 928
113 929
113 930
113 931
114 932
114 933
114 934
115 755
115 799
115 935
115 936
115 937
116 6
116 141
116 520
116 761
116 938
116 939
116 940
116 941
116 942
116 943
116 944
116 945
116 946
117 947
117 948
117 949
117 950
117 951
117 952
117 953
118 269
118 290
118 852
118 875
118 954
118 955
118 956
118 957
118 958
118 959
118 960
118 961
118 962
118 963
118 964
118 965
118 966
118 967
118 968
119 783
119 969
119 970
119 971
119 972
119 973
119 974
119 975
120 325
120 867
120 976
121 3
121 88
121 94
121 103
121 105
121 840
121 849
121 872
121 977
121 978
121 979
121 980
121 981
121 982
122 94
122 121
122 130
122 692
122 859
122 872
122 965
122 983
122 984
122 985
122 986
122 987
122 988
122 989
122 990
123 85
123 690
123 991
123 992
123 993
124 994
124 995
124 996
124 997
124 998
124 999
127 6
127 9
127 42
127 153
129 6
129 138
129 141
129 155
129 346
129 802
130 57
130 82
130 86
130 87
130 88
130 89
130 90
130 91
130 92
130 93
130 94
130 95
130 96
130 97
130 98
130 99
130 100
130 101
130 102
130 103
130 104
130 105
130 106
130 107
130 108
130 109
130 110
130 111
130 112
130 113
130 114
130 115
130 116
130 117
130 118
130 119
130 120
130 121
130 122
130 123
130 124
132 1
132 2
132 3
132 4
132 5
132 6
132 7
132 8
132 9
132 10
132 11
132 12
132 13
132 14
132 15
132 16
132 17
132 18
132 19
132 20
132 21
132 22
132 23
132 24
132 25
132 26
132 27
132 28
132 29
132 30
132 31
132 32
132 33
132 34
132 35
132 36
132 37
132 38
132 39
132 40
132 41
132 42
132 43
132 44
132 45
133 66
133 138
133 346
134 10
134 29
134 145
134 153
135 6
136 16
136 132
136 194
136 454
137 29
137 66
137 222
137 428
138 129
138 133
138 346
138 580
139 42
139 258
139 959
142 35
142 145
142 153
143 1
143 2
143 3
143 4
143 5
143 6
143 7
143 8
143 9
143 10
143 11
143 12
143 13
143 14
143 15
143 16
143 17
143 18
143 19
143 20
143 21
143 22
143 23
143 24
143 25
143 26
143 27
143 28
143 29
143 30
143 31
143 32
143 33
143 34
143 35
143 36
143 37
143 38
143 39
143 40
143 41
143 42
143 43
143 44
143 45
144 29
144 361
144 371
145 15
145 29
145 148
145 153
145 360
145 361
145 363
145 364
145 368
145 371
145 373
145 563
146 7
146 15
146 25
146 29
146 34
146 35
146 147
146 354
146 410
148 146
148 153
148 354
148 366
149 15
149 29
149 35
149 350
149 354
149 413
149 563
150 25
150 35
150 153
150 307
153 6
153 15
153 25
153 29
153 35
153 142
153 143
153 144
153 145
153 146
153 147
153 148
153 149
153 150
153 151
155 332
156 6
156 15
156 488
156 489
156 490
156 491
156 492
156 493
156 494
156 495
158 18
158 53
158 513
158 522
159 129
159 251
160 560
166 8
166 170
166 381
168 2
168 325
169 50
169 492
170 256
170 257
172 28
172 134
174 37
174 127
174 137
174 512
175 12
176 528
176 529
176 553
177 6
177 18
177 512
177 703
178 597
179 46
179 427
180 42
181 174
182 13
183 13
183 99
184 418
188 14
188 16
188 46
188 57
188 105
188 175
188 180
188 192
188 193
188 194
188 195
188 245
188 381
188 427
188 702
189 37
189 450
191 14
191 37
191 187
191 194
192 188
194 14
194 37
194 187
194 188
194 191
197 2
197 200
202 16
202 386
207 17
208 3
208 40
208 42
208 196
208 197
208 198
208 199
208 200
208 201
208 202
208 203
208 204
208 205
209 105
209 121
209 381
209 849
209 857
209 858
209 868
209 981
211 34
211 42
211 63
211 262
211 263
211 264
211 265
211 266
211 267
211 268
211 269
211 270
211 271
211 272
211 273
211 274
211 275
211 276
211 277
211 278
211 279
211 280
211 281
211 282
211 283
211 284
211 285
211 286
211 287
211 288
211 289
211 290
211 291
211 292
211 293
211 294
212 75
214 2
214 12
214 258
214 456
214 793
218 12
218 16
218 18
218 42
218 43
218 214
218 257
218 304
218 454
218 513
219 18
219 431
220 6
220 18
220 28
220 132
220 133
220 138
220 144
220 172
220 323
220 346
220 347
222 23
222 301
222 556
222 560
223 12
223 325
223 681
228 18
228 332
229 51
229 57
229 232
229 603
230 914
231 2
231 18
232 18
232 143
232 179
232 248
232 252
232 513
234 433
234 598
236 297
237 45
240 129
240 251
241 817
241 963
243 130
243 138
243 155
243 223
243 669
243 691
243 786
245 28
245 29
245 42
245 130
245 334
246 94
246 121
246 130
246 692
246 859
246 872
246 965
246 983
246 984
246 985
246 986
246 987
246 988
246 989
246 990
247 431
247 513
248 232
249 28
249 140
249 143
249 331
249 332
249 343
249 403
249 512
249 524
249 914
250 6
250 19
250 36
250 253
250 424
251 12
251 18
251 221
251 559
251 603
254 19
254 253
254 255
254 256
256 170
256 254
256 257
256 421
256 818
257 19
257 39
257 256
257 259
257 424
258 42
258 513
259 19
259 250
259 253
260 170
261 19
262 200
263 278
263 295
265 20
265 334
267 20
267 277
267 283
267 291
269 118
269 702
271 285
275 20
275 155
276 20
277 20
277 267
279 295
280 279
280 281
281 280
282 573
282 585
283 20
283 267
283 291
284 279
290 267
290 292
291 20
291 267
291 290
292 188
292 245
292 656
293 2
294 20
295 271
295 278
295 279
296 16
297 18
297 155
297 236
299 23
299 556
300 23
300 301
300 556
300 560
301 222
301 299
301 607
301 609
302 23
302 511
302 556
302 557
303 23
303 556
304 23
304 218
304 222
304 305
304 306
305 23
305 300
305 304
305 306
306 23
306 304
306 305
307 2
307 25
307 29
307 35
307 139
307 145
316 26
318 313
318 314
318 315
319 322
322 138
324 28
324 129
324 138
324 325
324 920
325 228
325 713
325 818
328 136
331 138
332 141
333 335
333 337
333 697
333 976
334 598
335 909
335 965
336 110
339 18
339 28
339 37
339 249
339 597
340 37
340 331
340 341
340 347
342 220
343 28
343 331
343 341
346 40
346 66
346 133
346 138
346 172
347 348
348 347
349 28
349 249
349 863
350 29
350 142
350 145
351 245
351 249
354 15
356 361
356 364
356 368
361 15
361 144
361 243
361 356
364 356
364 413
367 29
368 354
368 356
368 361
368 364
369 414
371 419
373 15
373 29
373 35
373 350
373 354
373 413
373 563
374 153
375 384
376 30
376 51
376 375
376 499
377 935
377 936
377 937
378 377
379 92
379 93
379 94
379 730
379 752
379 897
380 102
380 753
380 767
381 6
381 52
381 188
381 665
384 30
384 31
384 375
384 376
384 786
385 627
386 12
386 292
386 328
386 433
386 450
388 449
393 35
394 7
394 29
394 35
394 400
394 410
397 25
397 29
397 34
397 35
397 153
397 211
397 354
397 410
397 413
399 145
400 35
400 401
400 408
401 29
401 34
401 35
401 400
401 409
401 410
403 15
403 20
403 37
403 132
403 287
403 394
403 426
408 7
408 29
408 35
408 400
408 410
409 401
410 355
412 35
413 146
413 153
413 354
413 366
415 253
417 36
417 415
417 905
418 184
419 36
419 681
421 256
422 36
422 420
423 36
423 964
424 36
424 257
424 415
425 36
426 153
426 403
427 37
427 99
427 103
427 179
427 188
427 671
427 783
427 840
429 334
431 106
432 29
433 39
433 234
433 598
434 40
436 40
436 442
442 40
443 442
444 445
446 844
450 264
454 214
455 431
456 220
457 42
457 43
457 143
457 218
457 458
457 459
458 43
458 563
459 12
459 41
459 42
459 44
459 304
459 513
461 45
461 139
463 45
464 221
464 222
468 46
469 470
472 47
473 47
473 471
476 474
476 475
477 48
477 475
477 476
481 49
481 485
487 486
488 52
488 143
488 156
488 571
489 169
490 468
491 8
491 16
491 17
491 18
491 42
491 43
491 132
491 571
491 802
493 132
493 509
494 500
499 57
499 500
499 750
499 761
500 499
500 503
500 761
503 489
503 496
503 497
503 500
505 504
508 514
510 54
512 6
512 52
512 57
512 178
512 555
512 579
512 587
512 589
513 42
513 52
513 158
513 232
514 585
517 302
520 51
520 141
520 702
520 723
522 43
522 54
522 523
522 532
523 528
524 351
524 512
528 523
530 54
530 176
530 517
530 542
530 760
531 302
531 761
532 105
532 455
532 528
532 529
532 542
533 493
534 702
535 54
536 54
536 176
536 523
536 528
537 54
540 523
542 523
542 529
542 532
542 538
542 545
544 499
544 538
544 608
544 702
544 712
544 761
546 54
546 56
548 551
551 550
552 302
553 192
553 554
553 555
554 553
554 574
555 57
555 178
555 512
555 586
555 590
557 302
557 510
557 552
557 553
557 556
558 55
559 221
559 251
559 702
560 1
560 23
560 55
560 59
560 160
560 222
560 519
560 556
560 558
560 564
562 563
563 29
563 145
563 455
564 556
567 12
568 23
568 37
568 46
568 47
568 48
568 49
568 50
568 51
568 52
568 53
568 54
568 55
568 56
568 57
568 58
568 59
568 60
569 42
569 129
569 571
570 52
570 490
570 509
570 515
571 56
571 57
572 42
573 52
573 517
573 585
574 515
575 57
575 490
577 324
578 554
579 493
579 512
579 534
579 872
579 886
580 909
580 956
581 57
582 57
582 106
582 859
584 130
585 52
585 573
585 859
586 555
587 178
587 512
592 26
592 37
592 58
594 595
595 58
595 594
596 58
597 58
597 249
597 702
597 850
598 234
600 602
603 50
603 59
604 605
605 60
605 604
606 301
606 609
607 60
608 442
608 529
608 623
608 747
609 60
609 607
611 2
611 612
611 614
612 63
612 611
612 616
613 2
614 63
614 75
614 268
614 307
614 611
620 65
623 66
623 608
626 66
627 2
629 630
629 789
629 792
632 68
632 635
633 68
633 631
633 632
633 635
634 635
641 304
641 653
642 304
642 653
644 71
644 608
645 71
646 71
647 71
647 657
647 658
647 660
648 655
654 71
657 647
657 652
657 658
658 642
658 647
665 786
665 842
666 80
671 88
671 91
671 92
671 93
671 104
671 105
671 121
671 130
671 209
671 379
671 381
671 842
671 843
671 844
671 845
671 847
671 849
671 850
671 851
671 853
671 855
671 857
671 858
671 859
671 860
671 861
672 343
672 671
673 84
673 795
675 85
676 85
676 677
676 678
678 85
678 686
679 85
681 787
682 40
682 85
682 94
682 102
682 107
682 685
682 799
683 85
684 856
684 865
684 999
685 85
685 981
690 85
690 991
691 85
692 85
692 103
692 712
692 890
692 909
692 965
693 732
693 762
694 696
694 847
696 86
696 694
696 698
696 738
696 739
696 751
696 852
697 333
698 86
698 696
698 712
698 852
701 87
702 88
702 534
703 761
703 763
706 182
706 818
707 138
707 584
707 831
708 80
708 89
708 716
708 909
709 130
709 665
709 697
709 706
709 707
709 708
709 709
709 710
709 711
709 712
709 713
709 714
709 715
709 716
712 92
712 544
712 693
712 746
712 761
712 771
712 856
713 138
713 325
714 417
714 905
715 324
715 708
715 787
716 708
716 715
717 90
717 851
717 859
717 875
717 894
717 957
717 959
717 965
718 221
719 90
720 90
720 753
721 90
722 712
722 747
722 799
723 102
723 944
725 995
726 730
726 731
726 735
728 736
728 740
729 94
729 761
729 823
729 901
730 92
730 726
730 727
730 735
731 726
731 735
731 742
734 92
734 726
734 735
734 742
734 771
735 726
735 731
735 733
735 742
736 92
736 728
736 740
737 379
738 739
739 738
742 92
742 734
742 735
745 93
746 93
746 94
746 696
746 712
746 738
746 739
746 801
746 856
747 499
747 544
747 761
748 113
748 929
749 751
749 799
751 749
751 752
752 57
752 698
752 738
752 739
752 786
752 799
752 800
752 929
753 88
753 89
753 94
753 103
753 130
753 380
753 584
754 720
757 379
757 761
758 12
758 104
758 130
758 325
758 337
760 103
760 121
760 547
760 761
760 840
761 57
761 93
761 141
761 544
761 684
761 692
761 696
761 712
761 747
761 750
761 778
762 755
763 94
763 102
763 703
763 837
767 92
767 93
767 379
767 737
767 753
767 897
769 538
769 720
769 761
770 94
771 103
771 121
771 712
771 872
773 95
773 774
773 778
773 779
775 87
775 95
775 130
776 87
776 95
776 130
777 302
777 774
778 95
778 780
779 95
780 95
780 752
780 774
780 778
780 859
782 427
782 783
782 795
782 797
782 913
783 96
783 119
783 427
784 867
787 681
788 800
789 96
789 189
789 792
789 803
790 96
790 792
791 792
792 189
792 629
792 630
792 790
792 791
792 803
793 13
793 66
793 220
793 666
793 915
794 16
794 385
794 386
794 387
794 388
794 389
794 390
794 391
795 665
795 673
795 796
795 797
795 913
795 954
796 795
797 12
797 17
797 801
798 96
798 738
798 739
798 750
798 784
798 785
798 801
800 752
800 795
800 897
802 207
803 96
803 752
803 789
803 792
807 808
808 807
809 334
809 813
809 815
809 817
811 99
814 822
815 334
815 809
815 813
815 817
817 99
817 809
817 815
818 325
818 328
820 822
820 828
821 99
821 828
822 99
822 455
822 814
823 729
823 807
823 935
825 99
828 99
828 334
828 820
828 821
829 99
829 817
830 102
833 937
834 752
834 866
837 835
837 836
840 103
840 118
840 760
840 841
840 856
840 999
841 37
841 99
841 103
841 179
841 188
841 671
841 783
841 840
842 57
842 130
842 138
842 325
842 346
842 738
842 739
842 798
843 844
843 960
844 148
844 843
844 853
844 864
844 960
846 105
846 121
846 381
846 849
846 857
846 858
846 868
846 981
847 103
847 694
848 108
848 118
848 247
848 858
848 898
848 900
848 960
849 103
849 105
849 121
849 872
850 103
850 105
850 121
850 872
851 959
852 93
852 118
852 698
852 894
852 959
853 864
855 103
856 103
856 130
856 846
856 981
857 381
858 103
858 188
858 702
859 103
859 380
859 717
859 869
860 103
861 130
861 844
861 864
862 247
862 853
863 104
864 88
864 91
864 92
864 93
864 104
864 105
864 130
864 379
864 760
864 840
864 841
864 842
864 843
864 844
864 845
864 846
864 847
864 848
864 849
864 850
864 851
864 852
864 853
864 854
864 855
864 856
864 857
864 858
864 859
864 860
864 861
864 862
865 103
865 671
865 696
865 752
865 771
865 856
865 981
867 324
867 713
868 14
868 16
868 46
868 57
868 105
868 175
868 180
868 192
868 193
868 194
868 195
868 245
868 381
868 427
868 702
869 138
869 265
869 875
870 121
870 977
872 351
872 874
872 977
873 105
874 103
874 105
874 121
874 872
875 93
875 103
875 223
875 235
875 292
875 909
875 956
875 957
875 960
875 963
875 968
876 108
876 118
876 247
876 858
876 898
876 900
876 960
877 105
882 106
883 221
885 290
886 57
886 106
886 455
886 881
888 106
890 55
890 107
890 251
890 559
890 692
890 843
890 859
891 107
892 108
892 966
894 968
898 118
900 858
900 892
901 896
909 138
909 684
909 692
909 957
909 959
909 963
913 96
913 750
913 795
913 796
913 798
913 801
914 220
920 28
920 325
920 345
920 758
927 113
927 114
929 748
931 325
933 932
934 114
934 932
934 933
935 30
935 57
935 380
937 380
937 584
937 935
938 116
939 116
939 141
941 799
943 116
944 723
944 761
944 857
945 94
945 121
945 130
945 692
945 859
945 872
945 965
945 983
945 984
945 985
945 986
945 987
945 988
945 989
945 990
947 952
952 947
953 711
954 795
954 959
954 968
955 963
956 18
956 81
956 713
956 963
957 118
957 717
957 859
957 894
957 909
957 958
957 960
957 963
958 894
958 968
959 235
959 717
959 875
959 954
959 956
959 960
959 968
960 118
960 381
960 875
960 894
960 957
960 963
960 967
961 859
962 585
962 968
963 859
963 894
963 909
963 957
963 959
963 968
966 876
966 900
966 968
967 960
968 954
968 958
968 962
969 138
969 973
969 975
970 119
970 975
971 972
972 119
972 971
973 119
973 787
975 119
975 969
975 970
976 512
976 580
976 784
977 102
977 105
977 121
977 872
977 979
979 977
982 121
982 965
983 246
983 859
984 246
984 692
984 859
984 962
984 968
984 986
984 987
984 989
986 246
986 692
986 859
986 962
986 968
986 984
986 987
986 989
987 984
987 986
987 989
988 246
988 984
988 986
991 123
991 690
991 992
992 123
992 982
992 991
992 993
993 991
