0 1
0 2
0 3
0 4
0 5
0 6
0 7
0 8
0 9
0 10
0 11
0 12
0 13
0 14
0 15
0 16
0 17
0 18
0 19
0 20
0 21
0 22
0 23
0 24
0 25
0 26
0 27
0 28
0 29
0 30
0 31
0 32
0 33
0 34
0 35
0 36
0 37
0 38
0 39
0 40
0 41
0 42
0 43
0 44
0 45
1 23
1 37
1 46
1 47
1 48
1 49
1 50
1 51
1 52
1 53
1 54
1 55
1 56
1 57
1 58
1 59
1 60
2 61
2 62
2 63
2 64
2 65
2 66
2 67
2 68
2 69
2 70
2 71
2 72
2 73
2 74
2 75
2 76
2 77
2 78
2 79
3 80
3 81
3 82
3 83
3 84
3 85
4 57
4 82
4 86
4 87
4 88
4 89
4 90
4 91
4 92
4 93
4 94
4 95
4 96
4 97
4 98
4 99
4 100
4 101
4 102
4 103
4 104
4 105
4 106
4 107
4 108
4 109
4 110
4 111
4 112
4 113
4 114
4 115
4 116
4 117
4 118
4 119
4 120
4 121
4 122
4 123
5 9
5 124
5 125
5 126
5 127
6 0
6 2
6 4
6 15
6 19
6 22
6 38
6 128
6 129
6 130
6 131
6 132
6 133
6 134
6 135
6 136
6 137
6 138
7 0
7 6
7 15
7 25
7 29
7 35
7 139
7 140
7 141
7 142
7 143
7 144
7 145
7 146
7 147
8 0
8 2
8 7
8 15
8 18
8 20
8 29
8 35
8 36
8 38
8 42
8 45
8 50
8 126
8 141
8 148
8 149
8 150
8 151
8 152
8 153
8 154
8 155
8 156
8 157
8 158
8 159
8 160
8 161
8 162
8 163
8 164
9 5
9 126
9 165
10 131
10 166
10 167
10 168
12 0
12 44
12 52
12 169
12 170
12 171
12 172
12 173
12 174
13 175
13 176
13 177
13 178
13 179
13 180
14 0
14 16
14 37
14 174
14 181
14 182
14 183
14 184
14 185
14 186
14 187
14 188
14 189
16 3
16 40
16 42
16 190
16 191
16 192
16 193
16 194
16 195
16 196
16 197
16 198
16 199
17 16
17 20
17 173
17 195
17 196
17 200
17 201
17 202
17 203
17 204
17 205
17 206
17 207
17 208
17 209
17 210
18 15
18 16
18 22
18 46
18 57
18 58
18 121
18 153
18 172
18 173
18 211
18 212
18 213
18 214
18 215
18 216
18 217
18 218
18 219
18 220
18 221
18 222
18 223
18 224
18 225
18 226
18 227
18 228
18 229
18 230
18 231
18 232
18 233
18 234
18 235
18 236
18 237
18 238
18 239
18 240
18 241
19 239
19 242
19 243
19 244
19 245
19 246
19 247
19 248
19 249
19 250
20 34
20 42
20 63
20 251
20 252
20 253
20 254
20 255
20 256
20 257
20 258
20 259
20 260
20 261
20 262
20 263
20 264
20 265
20 266
20 267
20 268
20 269
20 270
20 271
20 272
20 273
20 274
20 275
20 276
20 277
20 278
20 279
20 280
20 281
20 282
20 283
21 0
21 284
21 285
22 286
23 1
23 214
23 287
23 288
23 289
23 290
23 291
23 292
23 293
23 294
25 7
25 29
25 35
25 295
25 296
26 297
26 298
26 299
26 300
26 301
26 302
26 303
26 304
26 305
26 306
27 135
27 307
27 308
27 309
27 310
28 0
28 18
28 33
28 128
28 135
28 166
28 238
28 311
28 312
28 313
28 314
28 315
28 316
28 317
28 318
28 319
28 320
28 321
28 322
28 323
28 324
28 325
28 326
28 327
28 328
28 329
28 330
28 331
28 332
28 333
28 334
28 335
28 336
28 337
29 7
29 15
29 34
29 35
29 42
29 144
29 145
29 235
29 295
29 338
29 339
29 340
29 341
29 342
29 343
29 344
29 345
29 346
29 347
29 348
29 349
29 350
29 351
29 352
29 353
29 354
29 355
29 356
29 357
29 358
29 359
29 360
29 361
30 31
30 362
30 363
30 364
30 365
30 366
30 367
30 368
30 369
30 370
30 371
32 16
32 372
32 373
32 374
32 375
32 376
32 377
32 378
34 35
34 37
34 141
34 379
34 380
34 381
34 382
34 383
34 384
34 385
34 386
34 387
34 388
34 389
34 390
34 391
34 392
34 393
35 20
35 25
35 29
35 141
35 144
35 342
35 381
35 384
35 387
35 388
35 394
35 395
35 396
35 397
35 398
35 399
36 0
36 42
36 239
36 400
36 401
36 402
36 403
36 404
36 405
36 406
36 407
36 408
36 409
36 410
37 182
37 183
37 217
37 238
37 368
37 411
37 412
37 413
38 10
38 116
38 131
38 168
38 414
38 415
38 416
38 417
39 418
40 136
40 419
40 420
40 421
40 422
40 423
40 424
40 425
40 426
40 427
40 428
41 429
41 430
41 431
41 432
41 433
41 434
41 435
41 436
41 437
42 0
42 2
42 169
42 206
42 438
42 439
42 440
43 0
43 42
43 441
43 442
43 443
45 228
45 444
45 445
45 446
45 447
45 448
46 182
46 449
46 450
46 451
46 452
47 48
47 453
47 454
47 455
47 456
47 457
48 458
48 459
48 460
48 461
48 462
48 463
49 464
49 465
49 466
49 467
49 468
49 469
49 470
49 471
50 6
50 15
50 472
50 473
50 474
50 475
50 476
50 477
50 478
50 479
51 57
51 320
51 480
51 481
51 482
51 483
51 484
51 485
51 486
51 487
51 488
51 489
51 490
51 491
52 172
52 492
52 493
52 494
52 495
52 496
52 497
52 498
52 499
52 500
52 501
53 152
53 497
53 502
53 503
53 504
53 505
53 506
54 170
54 507
54 508
54 509
54 510
54 511
54 512
54 513
54 514
54 515
54 516
54 517
54 518
54 519
54 520
54 521
54 522
54 523
54 524
54 525
54 526
54 527
54 528
54 529
54 530
54 531
54 532
54 533
54 534
54 535
54 536
54 537
54 538
54 539
54 540
55 541
55 542
55 543
55 544
55 545
55 546
55 547
55 548
55 549
56 0
56 1
56 42
56 128
56 169
56 174
56 186
56 529
56 550
56 551
56 552
57 54
57 495
57 496
57 498
57 501
57 536
57 537
57 538
57 539
57 540
57 553
57 554
57 555
57 556
57 557
57 558
57 559
57 560
57 561
57 562
57 563
57 564
57 565
57 566
57 567
57 568
57 569
58 18
58 299
58 300
58 570
58 571
58 572
58 573
58 574
58 575
58 576
58 577
58 578
58 579
59 580
59 581
59 582
59 583
60 584
60 585
60 586
60 587
60 588
60 589
62 75
62 590
63 591
63 592
63 593
63 594
63 595
63 596
63 597
64 598
64 599
65 600
65 601
65 602
66 588
66 603
66 604
66 605
66 606
67 440
67 607
67 608
67 609
67 610
68 611
68 612
68 613
68 614
68 615
70 196
70 616
70 617
70 618
70 619
70 620
71 621
71 622
71 623
71 624
71 625
71 626
71 627
71 628
71 629
71 630
71 631
71 632
71 633
71 634
71 635
71 636
71 637
71 638
71 639
72 640
72 641
73 74
73 642
74 73
74 200
77 643
80 644
80 645
82 4
82 96
83 646
84 96
84 115
84 647
84 648
84 649
84 650
84 651
84 652
85 3
85 122
85 653
85 654
85 655
85 656
85 657
85 658
85 659
85 660
85 661
85 662
85 663
85 664
85 665
85 666
85 667
85 668
85 669
85 670
85 671
86 672
86 673
86 674
86 675
86 676
86 677
87 678
87 679
87 680
88 4
88 87
88 92
88 93
88 94
88 95
88 103
88 104
88 122
88 681
88 682
88 683
88 684
89 4
89 89
89 644
89 676
89 685
89 686
89 687
89 688
89 689
89 690
89 691
89 692
89 693
89 694
90 695
90 696
90 697
90 698
90 699
90 700
91 103
91 701
91 702
91 703
92 704
92 705
92 706
92 707
92 708
92 709
92 710
92 711
92 712
92 713
92 714
92 715
92 716
92 717
92 718
92 719
92 720
92 721
93 88
93 94
93 103
93 675
93 690
93 722
93 723
93 724
93 725
93 726
93 727
93 728
93 729
93 730
94 88
94 92
94 116
94 120
94 215
94 313
94 698
94 707
94 731
94 732
94 733
94 734
94 735
94 736
94 737
94 738
94 739
94 740
94 741
94 742
94 743
94 744
94 745
94 746
94 747
94 748
94 749
94 750
95 682
95 751
95 752
95 753
95 754
95 755
95 756
95 757
96 32
96 57
96 413
96 758
96 759
96 760
96 761
96 762
96 763
96 764
96 765
96 766
96 767
96 768
96 769
96 770
96 771
96 772
96 773
96 774
96 775
96 776
96 777
96 778
96 779
97 780
97 781
97 782
99 118
99 177
99 322
99 783
99 784
99 785
99 786
99 787
99 788
99 789
99 790
99 791
99 792
99 793
99 794
99 795
99 796
99 797
99 798
99 799
99 800
99 801
99 802
99 803
99 804
99 805
101 806
101 807
101 808
101 809
102 810
102 811
102 812
102 813
102 814
102 815
103 4
103 88
103 91
103 92
103 93
103 104
103 105
103 202
103 366
103 412
103 738
103 816
103 817
103 818
103 819
103 820
103 821
103 822
103 823
103 824
103 825
103 826
103 827
103 828
103 829
103 830
103 831
103 832
103 833
103 834
103 835
104 4
104 93
104 103
104 120
104 182
104 202
104 829
104 831
104 836
104 837
104 838
104 839
105 4
105 94
105 103
105 120
105 182
105 202
105 368
105 681
105 749
105 816
105 822
105 823
105 824
105 840
105 841
105 842
105 843
105 844
105 845
105 846
106 562
106 682
106 847
106 848
106 849
106 850
106 851
106 852
106 853
106 854
106 855
106 856
106 857
107 671
107 858
107 859
107 860
108 117
108 822
108 861
108 862
108 863
108 864
108 865
108 866
108 867
108 868
108 869
108 870
109 402
109 871
109 872
109 873
109 874
109 875
109 876
109 877
109 878
109 879
111 238
111 313
111 440
111 660
111 742
111 840
111 880
111 881
111 882
111 883
111 884
111 885
111 886
111 887
111 888
111 889
111 890
111 891
112 726
112 892
112 893
112 894
112 895
112 896
112 897
112 898
113 899
113 900
113 901
114 733
114 775
114 902
114 903
114 904
115 6
115 121
115 138
115 504
115 739
115 905
115 906
115 907
115 908
115 909
115 910
115 911
115 912
116 913
116 914
116 915
116 916
116 917
116 918
117 258
117 279
117 825
117 845
117 919
117 920
117 921
117 922
117 923
117 924
117 925
117 926
117 927
117 928
117 929
117 930
117 931
117 932
117 933
118 760
118 934
118 935
118 936
118 937
118 938
118 939
118 940
119 313
119 839
119 941
120 3
120 88
120 94
120 103
120 105
120 816
120 823
120 843
120 942
120 943
120 944
120 945
120 946
120 947
121 4
121 94
121 120
121 671
121 832
121 843
121 930
121 948
121 949
121 950
121 951
121 952
121 953
121 954
121 955
122 85
122 669
122 956
122 957
122 958
123 959
123 960
123 961
123 962
123 963
123 964
123 965
123 966
123 967
123 968
123 969
123 970
123 971
123 972
126 6
126 7
126 9
126 42
126 973
127 974
127 975
127 976
127 977
127 978
127 979
127 980
127 981
127 982
127 983
127 984
127 985
127 986
127 987
127 988
127 989
127 990
127 991
127 992
127 993
127 994
127 995
127 996
128 6
128 119
128 135
128 138
128 150
128 334
128 778
128 997
128 998
128 999
130 38
130 66
130 135
130 334
131 7
131 10
131 29
131 141
132 6
133 0
133 16
133 188
133 438
133 441
134 29
134 66
134 214
134 413
135 106
135 128
135 130
135 334
135 560
136 32
136 42
136 247
136 924
139 7
139 35
139 141
140 29
140 349
140 359
141 7
141 15
141 29
141 144
141 145
141 348
141 349
141 351
141 352
141 356
141 359
141 546
142 7
142 15
142 25
142 29
142 34
142 35
142 143
142 144
142 342
142 396
144 7
144 142
144 342
144 354
145 15
145 29
145 35
145 144
145 338
145 342
145 546
146 7
146 25
146 35
146 142
146 145
146 295
149 158
150 320
150 886
152 18
152 53
152 497
152 506
153 57
153 128
153 156
153 240
153 941
154 543
156 153
160 8
160 164
160 368
162 2
162 18
162 313
163 50
163 476
164 245
164 246
166 28
166 131
168 37
168 126
168 134
168 445
168 496
169 12
170 512
170 513
170 536
170 886
171 6
171 18
171 496
171 682
172 52
172 577
173 46
173 412
174 42
175 168
176 13
177 13
177 99
178 403
182 14
182 16
182 46
182 57
182 105
182 169
182 174
182 186
182 187
182 188
182 189
182 235
182 368
182 412
182 681
183 37
183 434
185 14
185 37
185 181
185 188
186 182
188 14
188 37
188 181
188 182
188 185
188 285
188 390
191 2
191 194
196 16
196 373
201 16
201 17
201 63
201 552
201 778
202 105
202 120
202 182
202 368
202 823
202 830
202 831
202 946
204 75
206 2
206 12
206 44
206 247
206 440
206 770
210 12
210 16
210 18
210 38
210 42
210 43
210 206
210 246
210 292
210 438
210 441
210 497
211 18
211 416
212 0
212 6
212 18
212 28
212 38
212 130
212 135
212 140
212 166
212 311
212 334
212 335
212 804
213 448
214 23
214 289
214 539
214 543
215 12
215 313
215 660
220 18
220 320
221 51
221 57
221 224
221 581
221 583
222 440
223 2
223 18
223 37
224 0
224 18
224 173
224 237
224 241
224 497
226 418
226 578
228 45
231 793
231 928
233 4
233 135
233 150
233 215
233 648
233 670
233 763
235 4
235 28
235 29
235 42
235 322
235 792
236 416
236 497
237 224
238 0
238 28
238 137
238 319
238 320
238 331
238 390
238 440
238 496
238 508
239 6
239 19
239 36
239 242
239 409
240 12
240 18
240 213
240 542
240 583
242 242
243 19
243 242
243 244
243 245
245 164
245 243
245 246
245 406
245 794
246 19
246 39
246 245
246 248
246 409
247 42
247 497
247 898
248 19
248 239
248 242
249 164
250 19
251 194
252 267
252 274
252 284
254 20
254 322
256 20
256 266
256 272
256 280
258 117
258 681
260 274
264 20
264 150
265 20
266 20
266 256
268 284
269 268
269 270
270 269
271 553
271 565
272 20
272 256
272 280
273 268
279 256
279 281
280 20
280 256
280 279
281 182
281 235
281 635
282 2
283 20
284 260
284 267
284 268
285 16
286 18
286 22
286 150
288 23
288 539
289 214
289 288
289 587
289 589
290 23
290 495
290 539
290 540
291 23
291 539
292 23
292 42
292 210
292 214
292 293
292 294
293 23
293 214
293 292
293 294
294 23
294 292
294 293
295 2
295 25
295 29
295 35
295 136
295 141
304 26
306 301
306 302
306 303
307 310
310 135
312 28
312 119
312 128
312 135
312 313
312 693
312 817
312 887
313 220
313 691
313 794
316 133
319 135
319 238
320 128
320 138
321 323
321 325
321 676
321 941
321 997
322 578
323 119
323 696
323 878
323 930
324 109
325 997
327 18
327 28
327 37
327 238
327 577
328 28
328 37
328 319
328 329
328 335
330 212
331 28
331 319
331 329
334 40
334 66
334 119
334 130
334 135
334 166
335 336
336 335
337 28
337 238
337 836
338 29
338 139
338 141
339 235
339 238
342 15
344 349
344 352
344 356
349 15
349 140
349 145
349 233
349 344
349 773
352 144
352 344
355 29
355 798
356 342
356 344
356 349
356 352
357 399
359 404
361 7
362 363
362 371
363 30
363 51
363 362
363 483
364 114
364 902
364 903
364 904
365 364
366 92
366 93
366 94
366 708
366 730
366 866
367 102
367 731
367 745
368 6
368 52
368 182
368 477
368 644
371 30
371 31
371 362
371 363
371 763
372 607
373 12
373 281
373 316
373 418
373 434
375 32
375 433
377 32
380 35
381 7
381 29
381 35
381 142
381 387
381 396
384 7
384 20
384 25
384 29
384 34
384 35
384 144
384 342
384 396
385 385
386 141
387 35
387 381
387 388
388 29
388 34
388 35
388 387
388 395
388 396
390 0
390 15
390 20
390 37
390 276
390 381
390 411
394 142
395 388
396 277
396 343
398 35
399 357
400 242
402 36
402 111
402 400
402 874
403 178
404 36
404 660
406 245
406 246
407 36
407 405
408 36
408 929
409 36
409 246
409 400
410 36
411 7
411 390
412 37
412 99
412 103
412 173
412 182
412 368
412 650
412 760
412 816
414 38
414 322
416 106
417 29
417 38
418 39
418 226
418 578
419 40
421 40
421 427
421 778
423 40
427 40
427 428
428 427
429 430
431 819
432 435
434 253
434 432
438 206
439 416
440 212
441 0
441 42
441 43
441 210
441 442
441 443
442 43
442 441
442 546
443 0
443 12
443 40
443 41
443 42
443 44
443 246
443 292
443 497
445 45
445 136
447 45
448 213
448 214
452 46
453 454
456 47
457 47
457 455
459 461
460 458
460 459
461 48
461 458
461 459
461 460
465 49
465 469
468 467
471 470
472 0
472 42
472 50
472 52
472 552
473 163
474 57
474 452
475 0
475 8
475 16
475 17
475 18
475 33
475 42
475 43
475 550
475 552
475 778
477 0
477 493
478 484
479 478
483 57
483 484
483 728
483 739
484 483
484 487
484 739
487 473
487 480
487 481
487 483
487 484
488 489
489 488
492 498
494 54
495 553
496 6
496 52
496 57
496 172
496 315
496 538
496 559
496 567
496 569
496 941
497 42
497 52
497 152
497 224
498 565
501 290
504 51
504 138
504 681
504 701
506 43
506 54
506 507
506 516
506 521
507 512
508 339
508 496
512 507
514 54
514 170
514 501
514 525
514 528
514 738
515 290
515 739
516 105
516 439
516 506
516 512
516 513
516 525
517 477
518 681
519 54
520 54
520 170
520 507
520 512
521 998
523 507
525 507
525 513
525 516
525 521
525 528
527 483
527 521
527 588
527 681
527 690
527 739
529 54
529 56
531 534
534 533
535 290
536 57
536 186
536 537
536 538
537 536
537 554
538 57
538 172
538 496
538 566
538 570
540 290
540 494
540 535
540 536
540 539
541 55
542 213
542 240
542 681
543 1
543 23
543 55
543 59
543 154
543 214
543 503
543 539
543 541
543 547
545 546
546 29
546 141
546 439
547 539
550 42
550 128
550 552
551 52
551 474
551 493
551 499
552 56
552 57
553 52
553 271
553 501
553 565
554 499
555 57
555 474
556 555
557 312
558 537
559 477
559 496
559 518
559 843
559 855
560 135
560 686
560 878
560 921
561 57
562 57
562 106
562 832
564 4
564 811
565 52
565 57
565 271
565 553
565 832
566 27
566 57
566 538
567 57
567 172
567 496
569 57
572 26
572 37
572 58
574 575
575 58
575 574
576 58
577 58
577 238
577 681
577 823
578 226
580 582
583 50
583 59
584 585
585 60
585 584
586 60
586 289
586 587
586 589
587 60
588 427
588 513
588 603
588 725
588 967
589 60
589 587
591 2
591 592
591 594
592 63
592 591
592 596
593 2
594 63
594 75
594 257
594 295
594 591
598 64
600 65
603 66
603 588
606 66
607 2
609 610
609 759
609 766
609 769
612 68
612 615
613 68
613 611
613 612
613 615
614 615
621 292
621 632
623 71
623 588
624 71
625 71
626 71
626 636
626 637
626 639
627 634
633 71
636 626
636 631
636 637
637 621
637 626
644 208
644 215
644 763
644 817
645 80
650 4
650 88
650 91
650 92
650 93
650 104
650 105
650 120
650 202
650 366
650 368
650 817
650 818
650 819
650 820
650 821
650 823
650 824
650 826
650 828
650 830
650 831
650 832
650 833
650 834
651 331
651 650
652 84
652 771
654 85
655 85
655 656
655 657
657 85
657 665
658 85
660 764
661 40
661 85
661 94
661 102
661 107
661 664
661 775
662 85
663 829
663 837
663 964
663 972
664 85
664 946
669 85
669 956
670 85
671 85
671 103
671 690
671 859
671 878
671 930
672 710
672 740
673 673
673 675
673 821
675 86
675 673
675 677
675 716
675 717
675 729
675 825
676 321
677 86
677 675
677 690
677 825
680 87
681 88
681 518
682 739
682 741
685 176
685 794
686 111
686 135
686 560
686 564
686 807
687 80
687 89
687 694
687 878
690 92
690 527
690 672
690 724
690 739
690 749
690 829
691 135
691 313
692 246
692 402
692 872
692 874
693 312
693 687
693 694
693 764
694 687
694 693
695 90
695 119
695 824
695 832
695 845
695 863
695 922
695 924
695 930
696 213
697 90
698 90
698 731
699 90
700 690
700 725
700 775
701 102
701 911
703 960
704 708
704 709
704 713
706 714
706 718
707 94
707 739
707 799
707 870
708 92
708 704
708 705
708 713
709 704
709 713
709 720
712 92
712 704
712 713
712 720
712 749
713 704
713 709
713 711
713 720
714 92
714 706
714 718
715 366
715 745
716 717
717 716
718 714
720 92
720 712
720 713
723 93
724 93
724 94
724 675
724 690
724 716
724 717
724 777
724 829
725 483
725 527
725 739
726 112
726 896
727 729
727 775
729 727
729 730
730 57
730 677
730 716
730 717
730 763
730 775
730 776
730 896
731 4
731 88
731 89
731 94
731 103
731 367
731 564
731 898
732 698
735 366
735 739
736 4
736 12
736 104
736 313
736 325
738 103
738 120
738 530
738 739
738 816
739 57
739 93
739 138
739 527
739 663
739 671
739 675
739 690
739 725
739 728
739 755
739 967
740 733
740 789
741 94
741 102
741 682
741 813
745 92
745 93
745 366
745 715
745 731
745 866
747 521
747 698
747 739
748 94
749 103
749 120
749 690
749 843
751 95
751 752
751 755
751 756
753 4
753 87
753 95
754 290
754 752
754 754
755 95
755 757
756 95
757 95
757 673
757 730
757 752
757 755
757 832
758 759
759 412
759 686
759 760
759 771
759 773
759 882
760 96
760 118
760 412
761 560
761 839
764 660
765 776
766 96
766 183
766 759
766 769
766 779
767 96
767 759
767 769
768 769
769 183
769 609
769 610
769 767
769 768
769 779
770 13
770 66
770 212
770 645
770 778
770 883
771 644
771 652
771 759
771 772
771 773
771 882
771 919
772 771
772 773
773 12
773 17
773 777
774 96
774 716
774 717
774 728
774 761
774 762
774 777
776 730
776 771
776 866
778 201
779 96
779 730
779 759
779 766
779 769
783 784
784 783
785 322
785 789
785 791
785 793
787 99
790 798
791 322
791 785
791 789
791 793
792 789
793 99
793 785
793 791
794 313
794 316
795 789
796 798
796 804
797 99
797 804
798 99
798 439
798 790
799 707
799 783
799 902
801 99
804 99
804 322
804 796
804 797
805 99
805 793
806 102
809 898
809 904
810 730
810 838
813 811
813 812
813 841
816 103
816 117
816 412
816 738
816 829
816 964
817 4
817 57
817 135
817 313
817 334
817 560
817 716
817 717
817 774
818 27
818 819
818 925
819 103
819 144
819 818
819 826
819 925
821 103
821 673
822 108
822 117
822 236
822 831
822 867
822 869
822 925
823 103
823 105
823 120
823 843
824 924
825 93
825 117
825 677
825 807
825 845
825 863
825 924
826 103
826 119
828 103
829 4
829 103
829 202
829 946
830 368
831 103
831 182
831 681
832 103
832 119
832 367
832 695
832 840
832 898
833 103
834 4
834 103
834 819
835 236
835 826
836 104
836 998
837 103
837 650
837 675
837 730
837 749
837 829
837 946
838 971
839 312
839 691
840 119
840 135
840 254
840 845
841 105
841 120
841 843
841 942
843 339
843 823
843 942
844 105
845 93
845 103
845 215
845 227
845 281
845 695
845 878
845 921
845 922
845 925
845 928
845 933
846 105
851 106
852 213
854 279
855 57
855 106
855 439
855 850
857 106
859 55
859 107
859 240
859 542
859 671
859 818
859 832
860 107
861 108
861 931
863 933
867 117
869 831
869 861
870 865
878 135
878 663
878 671
878 845
878 922
878 924
878 928
878 941
882 96
882 728
882 771
882 772
882 774
882 777
887 28
887 313
887 333
887 736
887 998
894 112
894 113
896 726
898 313
900 899
901 113
901 899
901 900
902 30
902 57
902 367
904 114
904 364
904 367
904 564
904 902
905 115
906 115
906 138
908 775
910 115
911 701
911 739
911 830
911 967
913 917
917 913
918 689
919 313
919 771
919 924
919 933
920 928
921 18
921 81
921 691
921 928
922 117
922 695
922 832
922 845
922 863
922 878
922 923
922 925
922 928
923 863
923 933
924 119
924 227
924 695
924 845
924 919
924 921
924 925
924 933
925 117
925 368
925 845
925 863
925 922
925 928
925 932
926 832
926 928
927 565
927 933
928 832
928 845
928 863
928 878
928 921
928 922
928 924
928 933
931 822
931 869
931 933
932 925
933 919
933 923
933 927
934 135
934 938
934 940
935 118
935 940
936 937
937 118
937 936
938 118
938 764
940 118
940 934
940 935
941 119
941 496
941 560
941 686
941 761
942 102
942 105
942 120
942 843
942 944
944 942
947 120
947 930
947 957
948 121
948 832
949 93
949 121
949 671
949 832
949 845
949 927
949 933
949 951
949 952
949 953
949 954
951 93
951 121
951 671
951 832
951 845
951 927
951 933
951 949
951 952
951 953
951 954
952 949
952 951
952 953
952 954
953 121
953 949
953 951
956 122
956 669
956 957
957 109
957 122
957 947
957 956
957 958
958 956
959 123
967 588
968 123
968 967
968 971
968 972
970 123
970 964
970 967
972 663
972 829
972 964
972 970
974 127
974 974
974 981
974 991
976 127
980 991
983 127
983 975
984 127
987 127
987 975
988 127
991 127
993 127
996 127
996 974
997 660
998 313
998 736
